500
100.000000 100.000000
55.807603 15.908126
0.376359 4.204302
0.129527 80.628216
19.972010 84.122605
84.569879 92.043103
90.465788 44.328984
74.511822 67.848623
24.772485 60.209149
44.770680 51.972231
0.207668 34.948268
44.673302 84.152688
34.212530 75.497380
84.535978 84.270259
75.156444 96.348854
69.847975 4.184436
24.911739 47.958854
80.478833 71.781324
0.570121 68.057832
50.647723 11.968999
45.549681 0.242106
25.231067 3.923297
70.472134 40.370625
9.726992 63.649708
94.776385 0.783199
90.074569 31.236942
3.936431 0.906350
54.721839 19.964246
79.704887 80.095375
20.467809 43.246475
64.961925 3.855090
75.134244 71.683217
25.577875 20.364975
45.181237 7.422116
59.437755 76.160954
4.088255 36.336883
49.991952 19.753878
44.651935 63.987005
0.485609 56.805321
30.082868 72.348882
80.657156 39.707882
9.729351 43.577398
35.017164 47.750318
20.657529 15.836015
24.294118 44.263034
19.676451 0.463962
4.440126 51.678133
65.736726 8.426289
94.358204 48.037038
39.683699 75.601793
59.908521 47.833330
9.988277 0.009916
75.944336 11.730725
44.853066 44.136105
63.569343 0.483661
14.310023 92.412265
95.313021 64.112414
15.591317 79.924299
79.545467 44.252405
75.124603 48.101803
69.833738 80.122286
85.184735 12.225013
89.713054 55.921546
9.704621 20.195325
89.657352 67.600971
15.674328 32.224585
24.969893 76.411566
59.955499 31.443704
4.840354 67.439091
79.255611 67.366946
8.953355 31.364927
28.661573 24.090813
0.463723 7.587628
48.967749 75.699001
79.827171 52.205900
10.741821 96.426682
65.305432 11.736218
49.639223 35.880608
54.962372 12.359319
5.201330 75.636308
14.661497 16.396985
15.286023 67.811572
35.667852 32.547924
40.711161 11.936011
40.600234 31.926575
24.309503 84.711846
94.512004 75.048340
70.602578 59.506692
54.687543 63.449523
15.064088 51.891013
14.629467 56.609777
75.099245 75.663789
14.432006 63.632968
31.198040 87.770240
34.836857 59.524475
6.102080 27.392003
0.136523 63.876454
0.975011 72.392791
5.368758 63.876886
4.134640 87.961807
59.634322 27.739824
44.392473 67.715619
70.201370 7.728437
20.312571 8.050024
74.822979 59.790702
8.535347 76.003321
34.693426 7.934983
20.359117 24.350154
24.981373 64.054551
40.467260 28.340726
80.256408 12.029399
19.969201 40.313910
84.252452 72.130802
20.466861 47.746592
40.411081 43.875469
39.954401 7.560851
65.115734 44.067731
89.821456 84.111684
79.440155 92.116423
11.580334 48.550741
70.433360 12.174772
19.591588 79.557926
69.991047 83.576315
8.801806 15.520569
60.074793 88.290203
64.978647 84.383583
59.637189 67.682026
8.803202 67.571653
11.112247 55.636242
45.041789 35.573070
50.338403 88.060759
60.211935 12.613407
79.412046 96.103226
5.019552 80.560460
24.998972 32.719829
69.848883 76.237531
69.580279 68.229697
85.044998 4.110921
24.921108 87.315157
75.919065 15.642792
65.157719 47.670093
70.016513 15.980325
54.415236 76.057136
66.022577 96.059522
30.022238 39.982538
49.380773 0.187111
25.530556 79.063287
44.923020 31.782207
0.357647 59.052646
60.567940 64.035828
25.505595 96.200004
50.109944 67.931133
89.924790 24.680313
14.531134 0.275567
89.064851 51.527810
25.265649 12.270758
79.425028 0.362926
9.275308 59.605549
50.844803 52.126191
65.316752 36.041022
55.334090 35.498811
49.859195 92.659292
30.478300 43.681430
29.404992 47.841552
31.392620 51.386631
29.626002 55.979891
21.179822 68.620091
95.360699 4.456253
20.260821 28.706024
35.360818 20.354482
59.359341 92.333604
49.688408 84.185106
30.403099 83.967425
4.848462 19.624733
45.189012 71.961380
40.721903 55.964382
79.785680 63.674548
35.125411 3.296730
89.927951 40.339421
75.502366 83.816208
29.411621 0.755020
5.706226 43.826109
0.023182 51.992659
49.952057 63.716827
10.034615 79.805914
95.225167 11.705751
34.684671 39.653863
6.120191 56.101470
15.250546 44.113812
35.069041 52.143022
49.569854 79.798925
64.752952 67.982238
35.560953 64.123574
54.550001 55.932939
70.558504 19.820735
25.264118 24.040809
35.264227 79.591971
94.083363 88.000411
90.061933 48.125290
80.358448 32.320470
41.173724 91.319701
39.894200 83.881554
30.714661 63.765976
90.266124 35.608709
85.952778 47.778575
85.033555 31.872442
94.486485 84.695081
14.807643 40.250367
94.361354 31.995066
45.216352 47.817978
40.814512 35.929730
25.052961 39.938916
19.142523 55.344070
40.639166 48.424968
95.397761 7.428759
39.875313 68.210236
90.060042 92.683438
40.529911 64.102925
91.144650 71.765003
15.689468 87.823708
50.492113 60.107679
10.077780 7.899720
75.214286 20.101266
89.889349 79.544913
60.437687 51.910320
4.594770 60.078096
79.535399 7.321969
44.929643 4.501174
15.331858 75.444093
39.630642 15.703623
45.068987 16.171787
85.096179 44.764511
69.993804 55.869924
29.757777 31.999322
20.702900 76.544664
0.079207 76.126608
84.727775 0.722151
20.830360 36.627951
4.218435 24.228110
35.067989 27.864013
45.137468 40.373678
30.140660 75.855858
89.253700 59.755241
95.793016 35.983768
70.048476 24.013760
25.578713 51.923137
10.355060 3.368306
49.986516 28.824576
31.091788 67.945086
5.899432 16.667717
24.501536 16.018380
34.399954 88.747202
50.632922 3.988854
50.814793 8.470464
55.594339 88.271373
25.357633 0.200644
36.080217 69.061379
25.281426 92.108226
85.049776 63.689146
39.466963 24.168498
14.598624 24.151871
20.131473 51.715171
55.366037 0.131581
59.704564 0.584148
44.930994 60.153516
19.793445 4.317106
4.944206 3.744698
0.567990 15.587680
0.204970 23.862436
50.285197 71.658107
25.340310 67.910641
79.709454 23.998137
84.529714 23.593359
94.568206 44.158482
24.928343 71.811893
54.194330 60.110088
20.461390 31.906626
55.274499 4.490564
65.059375 51.360930
30.096068 91.512526
34.763818 35.980216
9.698409 51.743637
94.543456 68.123937
85.043556 20.280782
55.564052 40.111925
74.924143 92.140010
75.491930 8.154155
70.031389 47.159250
94.746148 95.809883
55.136738 51.687858
84.701044 56.178202
49.235198 96.359065
59.647842 23.423782
55.058384 68.381073
4.774492 96.627443
85.589669 16.234756
59.460640 56.366443
58.909770 36.492220
79.810510 19.988057
54.573933 92.274962
54.398286 96.397942
15.640927 96.326858
60.272701 4.293485
60.222209 8.003458
84.895912 28.580744
55.237253 7.956802
59.489211 20.383438
93.683771 24.441146
9.679789 83.274153
34.808007 83.893194
40.599420 71.791403
29.779126 96.170256
59.269362 44.426452
49.526620 31.839509
74.571150 55.717366
30.428969 21.136072
75.098695 27.835526
70.682821 95.829072
49.775974 24.105962
59.896502 72.599284
15.172692 20.976882
60.432077 79.395975
11.759980 0.469121
54.436120 23.923012
44.878884 76.311853
45.358424 87.661563
6.068530 91.536783
74.164523 44.566350
5.203623 83.938723
25.181642 56.204145
9.497867 27.918276
44.916884 80.222581
18.824637 92.084320
80.375424 55.678493
65.057729 31.619403
95.546542 92.762209
93.484159 51.286277
4.593826 31.887921
50.173975 40.490305
9.746988 35.587375
35.288254 56.808447
64.742740 60.539682
0.070576 27.891870
0.414670 92.302932
64.666821 71.657618
69.710337 92.102274
9.753236 72.632787
25.613440 27.530788
64.710145 88.548242
64.684477 91.847174
14.411380 60.071050
34.057639 91.703052
60.195569 59.547997
65.783485 56.233078
65.428311 80.166138
40.435610 80.208168
55.321936 80.114561
19.483786 71.859049
69.087320 27.670375
19.465125 88.127446
71.217522 35.978986
54.749719 47.623990
70.641083 63.608425
69.603516 88.711835
34.651622 1.238365
20.354675 12.315629
40.084868 0.349783
65.463592 16.207218
64.640152 20.386870
70.786933 71.731638
29.868411 8.680122
15.923833 4.229622
69.646060 43.317168
30.301508 27.381853
64.674688 75.728213
9.543666 92.438009
75.277974 0.278030
20.084659 19.605103
5.339237 40.572610
5.191807 47.647989
80.450923 27.561462
25.199698 36.265654
30.313351 12.505927
15.839172 27.648312
14.809558 83.858795
94.949151 59.985055
76.109819 40.298113
89.984227 75.828138
85.676920 51.431171
75.232910 52.481577
19.900446 96.318965
69.341534 32.273957
0.212192 12.102885
15.314322 47.555978
45.214230 24.628059
20.006142 59.996202
80.337557 3.956464
14.850239 12.516291
60.006659 15.955353
79.801622 75.478249
74.324075 87.909600
94.962989 71.888289
89.869285 4.598423
49.961427 43.889490
0.111891 88.700475
8.847957 39.627946
24.411098 7.893658
74.429007 23.456541
8.881110 11.975476
59.940615 84.749761
94.898976 15.911234
85.199178 95.937803
29.552187 16.001022
79.982913 48.400506
49.478032 56.232259
30.653253 59.389469
79.644934 60.632955
70.478063 51.989282
95.062250 39.635938
74.838063 64.286447
36.119041 16.641297
4.818361 8.404395
45.769440 56.319739
39.487954 88.588162
38.891297 19.990441
29.440031 35.740625
69.642152 0.047866
50.292235 47.196751
84.874180 8.183171
45.034029 91.612587
9.349508 23.831737
15.485864 71.710406
30.126185 79.949061
94.776621 56.000646
0.407923 48.012667
84.932763 36.216334
84.833175 40.186827
79.642588 36.078671
74.573813 4.434004
34.194992 44.026906
89.105258 95.893749
89.133203 7.740662
0.846251 19.835055
90.222256 15.978863
84.645228 68.069876
85.049003 75.811470
85.615839 79.562572
39.470380 95.300207
85.582531 87.823064
64.400548 40.120418
75.908550 31.771904
90.240338 0.817421
75.479069 79.682999
84.103220 59.528289
40.920473 59.662529
14.529298 36.245680
89.094240 19.912484
75.299209 35.836513
89.405074 28.213720
0.299669 95.489095
35.374879 24.132646
90.143179 11.801854
43.650702 12.322150
14.993594 7.597762
39.570608 39.780024
5.842908 71.476381
4.659490 12.184687
60.268082 96.240294
40.237387 3.846610
0.082863 83.926864
79.316618 87.630165
39.680186 52.189921
20.457151 64.474763
90.080393 88.351176
0.252644 0.091199
54.906377 71.741604
34.930436 12.222510
10.591893 87.466904
65.651561 28.008272
1.067571 32.077284
30.077896 3.754941
95.764855 20.080096
55.703603 84.058718
95.827805 27.261931
0.043274 43.900724
65.622153 24.361722
55.241177 28.241473
45.026327 27.333181
45.657111 20.023003
54.892677 44.204111
0.419040 40.203717
50.565919 15.715428
35.755411 71.738633
80.312415 15.788518
35.205261 96.002428
59.875726 39.204202
80.029172 84.258739
54.554432 32.713386
64.881179 64.582069
94.435991 79.939359
89.471665 62.910097
